[DASH_CAM]
POS=0.39035,1.05689,-0.0791
EXP=27

