[HEADER]
EDIT_MODE=0
INTENSITY=36.0
EDIT_BIG=1
EDIT_STATE=2
BURN_FUEL_MULT=1
FLASH_THRESHOLD=3

[FLAME_0]
POSITION=-0.4560373,0.1775935,-2.560851
DIRECTION=0,0,-1
VSIZE_START=0.15
VSIZE_END=0.05
LSIZE=0.3
IS_LEFT=0
SIZE_MULT=0.9
GROUP=0

[FLAME_1]
POSITION=0.5489454,0.1925646,-2.540627
DIRECTION=0,0,-1
VSIZE_START=0.15
VSIZE_END=0.075
LSIZE=0.3
IS_LEFT=1
SIZE_MULT=0.9
GROUP=1

[FLAME_2]
POSITION=-0.5529478,0.1722368,-2.530784
DIRECTION=0,0,-1
VSIZE_START=0.15
VSIZE_END=0.075
LSIZE=0.3
IS_LEFT=1
SIZE_MULT=0.9
GROUP=1

[FLAME_3]
POSITION=0.461536,0.1722368,-2.555392
DIRECTION=-0.04015488,0.0008062201,-0.9991932
VSIZE_START=0.15
VSIZE_END=0.075
LSIZE=0.3
IS_LEFT=1
SIZE_MULT=0.9
GROUP=1

