[SETTINGS]
WIDTH=3.1800000667572
LENGTH=3.21000003814697

