[SETTINGS]
WIDTH=2.51999998092651
LENGTH=3.5699999332428

