[DASH_CAM]
POS=0.360153,1.15499,0.00765586
EXP=29
