[SETTINGS]
WIDTH=1.14125823974609
LENGTH=2.8379168510437

