[SETTINGS]
WIDTH=1.17744302749634
LENGTH=2.84451174736023

