[DASH_CAM]
POS=0.400099,1.01232,-0.180467
EXP=27

