[SETTINGS]
WIDTH=1.15275537967682
LENGTH=2.6379930973053

