[DASH_CAM]
POS=0.361094,0.904743,-0.344604
EXP=30
